1.  150 Iterations, bias k = 3
[0.8708722961573866475, 0.8386330116058356616, 0.8313078630945168134, 0.8286685952411337513, 0.8272421719999193586, 0.82655173042821394565, 0.8262599664666043569, 0.8258340820569678147, 0.82574843950420812966, 0.8254729111290599312, 0.8253618245710700977, 0.82520643617814418554, 0.82514269701763086746, 0.8251074481585503874, 0.825352099392848995]

2.  500 iterations, bias k = 3
[0.8643547005555054086, 0.84159916447277198964, 0.83344687703648806293, 0.83005329831826308624, 0.8283619883535665775, 0.8275701294903863971, 0.8269692198014600598, 0.8265589665384567573, 0.82612945039631303446, 0.82597386575191572696, 0.82577535536805727576, 0.82561306240151460887, 0.8255612890456467978, 0.8254049332318318748, 0.8254124171959674237, 0.825214829215055418, 0.82523627539855486655, 0.8251153934108836371, 0.8252222194917683531, 0.8251264911105352926, 0.82510267750925030865, 0.825104276535855732, 0.82502780205436712955, 0.824899358770258628, 0.82499764656487303014, 0.82493408592725753426, 0.8250415358006534353, 0.82499876568633665104, 0.8250135208794232685, 0.82503008920712522073, 0.8248463557930149109, 0.82492002548225427277, 0.825011824121870825, 0.825001148492181363, 0.82476099834942390957, 0.8248323973294344841, 0.8248726824546654959, 0.8248510064859652049, 0.82495042820988814347, 0.8248448266659290513, 0.82487051582875753764, 0.8249215619148958218, 0.8248591049038237036, 0.8248943228897908346, 0.82489801075012992513, 0.82482166375880301934, 0.82469510715542217167, 0.8248023450457747383, 0.8249092353231048174, 0.8248103879803644572]

3. 1000 iterations, bias, k = 3

[0.8697145969321239693, 0.84382102831182652163, 0.8357733525454323994, 0.83260760035540304884, 0.83116466744206507597, 0.82987988255253956383, 0.82919117189146297303, 0.82869111109292689367, 0.82839964289030656796, 0.8280812657285070031, 0.82787772773615776213, 0.8276590298867100532, 0.8277638031762306944, 0.8274784330881611997, 0.82743335345744334494, 0.8273786313317487005, 0.8272472889646628009, 0.82730525159247716413, 0.82721925561008113046, 0.82721135850924630014, 0.82718968363983261396, 0.82713890127473650726, 0.8271828347066332388, 0.827082119262100562, 0.8271703290007369882, 0.82711817519885083236, 0.82703961515874572385, 0.82716747751643810333, 0.82711093440633447356, 0.82702758438675372086, 0.8272149512047158079, 0.82700187215964678046, 0.8269699478445001228, 0.8270017154360329709, 0.82705987805374525234, 0.8272297733524214545, 0.82711859398281922546, 0.8271751959916395562, 0.82715855197845862806, 0.8271063740988786446, 0.82701293731613853354, 0.82714110080693548744, 0.8270281131465547402, 0.8271263363921985893, 0.82713763320080563215, 0.8269612714684556751, 0.82703571902028804425, 0.8270599351996341331, 0.826961622609633796, 0.8270280350783692232, 0.82695018773097563064, 0.8270621899123009275, 0.8269605242582950022, 0.8269569162455745462, 0.8269732349725881516, 0.8270747183358264394, 0.82693576829138734034, 0.82696126031320075985, 0.82712890156383113503, 0.82688362145406708056, 0.82699255437137426017, 0.82715425012031369576, 0.82687091895279796086, 0.82689983602799541, 0.8269798619678447407, 0.82698175196257367746, 0.8269919471703041039, 0.8269999852403645785, 0.8269223158186094052, 0.827100767968062762, 0.82701310303218995824, 0.8268351797008394484, 0.8269893310042792489, 0.82708458460745041564, 0.8269487507215080176, 0.8269299595610424532, 0.8269109971312661433, 0.8270428893213876098, 0.82687086191301918003, 0.8268640979963357241, 0.82710017261757350847, 0.82695530188958192455, 0.8270207100671976314, 0.8268994287969237876, 0.82695349566011411546, 0.82687582075076134934, 0.8269172681934364467, 0.8268881720059868781, 0.82699248349641679923, 0.82696198216100869646, 0.82702075811584901114, 0.8268624090159398148, 0.82694058738952960156, 0.8269507755559324255, 0.8269412415351624338, 0.826839752679288032, 0.8269602641353904748, 0.8270341813005228124, 0.82690121486842618103, 0.82682436138535348846]

4. Self-converged s=69 k = 5 no bias
[3.752541002244469, 0.8493666920343231, 0.831315547767578, 0.8275638327725058, 0.825670216410736, 0.8247701307601347, 0.8237340036440812, 0.8238421751309831]

5. Self-converged s = 189 k = 5 with bias
[1.1204593709948911, 0.8466953323912638, 0.8192247960369866, 0.8102062637149955, 0.8060699250392283, 0.8040521665512412, 0.8027767365792755, 0.8018686924858285, 0.8010996191486633, 0.8008794142899414, 0.800411220161513, 0.80011556737598, 0.7999761046927143, 0.799507622258653, 0.7993486692985038, 0.7991825832740591, 0.7990293019447858, 0.7989128239370757, 0.7987287667996543, 0.7987925688846584]

6. SC, s= 89, k=10 no bias
[3.7515748173762415, 0.8167157606863165, 0.7876098663969078, 0.7788881766786977, 0.7747412609837392, 0.7729868300409408, 0.7714107412529988, 0.7702591994655088, 0.7687006390982258, 0.7690907523350305]

7. SC, s= 249, k = 10, with bias
[1.1174392724822522, 0.8184983317628125, 0.7773911297235682, 0.7653639836708146, 0.7596200635359098, 0.7564822529449644, 0.7543024743324028, 0.7529010288016424, 0.7516838542025924, 0.7510153946379453, 0.7502469145808369, 0.7497963759058623, 0.7494874408883451, 0.7491448831889919, 0.7488305353747218, 0.7483615238124567, 0.7480385510716596, 0.7479356342661544, 0.7478904735468292, 0.7475868160726966, 0.7474400651320169, 0.7473303675185434, 0.747312922830795, 0.7471563409006428, 0.7469321771983195, 0.7469995119974698]

8. SC, s= 29 no bias ALS
[2.930171515245662, 2.6898585705482763, 2.6659767119720965, 2.658716467794195, 2.6555001252375923, 2.653612035043759, 2.6521047186640483, 2.650747997724606, 2.6494990512622763, 2.6483986856247697, 2.6474973850299786, 2.646782353357927, 2.6462186475072946, 2.6457959193892036, 2.645474881284927, 2.6452501786811866, 2.645093709459669, 2.6449780999181685, 2.644880875193025, 2.6448054694498118, 2.6447548651631227, 2.644718141758921, 2.644689754206294, 2.644669872844455, 2.644656713068645, 2.6446483812942203, 2.644643559962746, 2.6446422546980823, 2.6446453408825796]

9. LF ALS k = 10, s = 100
[0.21752240901016773, 0.2111757406430386, 0.21323714066492044, 0.21158932250359505, 0.2146325415239182, 0.2116267914642698, 0.21308908193588044, 0.21649955915778266, 0.2142023629783726, 0.21368103579347617, 0.2147413383344445, 0.21466161109788234, 0.2145296365425813, 0.21433872114471472, 0.21413176007613172, 0.21398837886838612, 0.2138766012197618, 0.21377530036943065, 0.21366029025386724, 0.21353648233214842, 0.21339928304722103, 0.21325543969738853, 0.21311261873475218, 0.21299374900769058, 0.21290871790013957, 0.2128478078809785, 0.21279123993195873, 0.21273288494623158, 0.21266714165645645, 0.2126014167776843, 0.2125533198547602, 0.21252205884721895, 0.2125148467853878, 0.21251113521491968, 0.21247362978770298, 0.21239263369635394, 0.21227528305888516, 0.2121346976188672, 0.21197862822783112, 0.21202075935506115, 0.21202513284910937, 0.21200723182701295, 0.2120264011454987, 0.21205937107480216, 0.21208492320408237, 0.21210257289679169, 0.2121089804848238, 0.21208659438505187, 0.21204318468951427, 0.2119814087440558, 0.2119095725345792, 0.21183566161394005, 0.21176371075814188, 0.21169094771167096, 0.2116199885861557, 0.21155968965956334, 0.21151484359095063, 0.21148427154358862, 0.2114696718911436, 0.21146587105243603, 0.21147038354898237, 0.211477724714332, 0.2114855353599188, 0.21148962210390654, 0.21148806845450452, 0.21147946972849296, 0.2114664403352276, 0.21145520751056324, 0.21144702215148511, 0.21143853648984812, 0.211429085215132, 0.211420478583726, 0.21141373939332456, 0.21140966813866563, 0.21140831287723616, 0.21140808612598583, 0.21140656448527936, 0.2114037831050608, 0.21140186571250016, 0.2113982930230922, 0.21139443355528198, 0.21138969440195657, 0.21138475549901312, 0.21137752545082503, 0.21136792979453903, 0.21135789219033205, 0.21134757038268406, 0.21133707914985458, 0.2113260040528338, 0.21131320100591452, 0.21129860405812373, 0.21128268279111656, 0.21126438080709367, 0.21124492790463434, 0.2112233748910531, 0.2112018656090538, 0.2111802401330964, 0.21115690942771737, 0.2111350528040515, 0.21111447184943918]
